13.75 28.05
13.35 28.45
13.45 27.50
12.95 25.95
11.85 27.00
11.35 28.00
10.55 25.15
8.55 27.45
8.50 27.05
6.80 26.85
8.60 25.65
10.55 23.55
7.40 25.45
6.60 25.75
6.10 26.00
5.40 25.25
5.35 24.70
7.40 24.25
4.30 24.00
3.35 23.30
7.55 23.70
4.65 21.20
7.45 21.95
7.75 21.20
5.40 19.65
5.35 19.05
7.00 18.90
8.60 20.90
9.65 21.90
11.70 22.15
10.85 21.05
13.10 21.30
11.40 18.30
12.80 19.75
12.15 18.10
11.95 17.25
13.05 17.40
13.75 16.60
8.85 13.35
5.20 11.90
8.55 12.10
7.10 11.95
6.90 11.50
6.85 10.90
9.35 10.50
10.40 10.55
12.85 10.65
13.60 11.10
15.80 12.60
14.45 10.75
10.35 7.70
11.30 7.95
13.10 8.95
11.95 6.75
12.95 7.60
13.35 8.25
14.30 9.30
16.35 10.85
15.40 10.10
15.15 9.30
15.55 8.20
14.30 7.50
13.95 6.70
11.35 5.55
12.15 5.40
13.10 5.10
12.65 3.70
14.65 5.05
14.45 2.40
14.70 4.10
16.10 3.55
15.90 4.00
15.55 5.05
15.35 5.50
16.20 5.90
17.05 5.10
16.55 2.15
18.05 2.45
18.15 3.05
18.40 3.60
19.45 2.65
18.65 4.20
18.65 4.75
17.90 5.40
17.05 6.05
19.85 5.50
20.55 5.75
18.70 5.75
19.25 5.95
18.65 7.30
17.15 8.60
17.05 9.00
16.05 9.60
18.00 8.55
19.40 7.60
20.05 6.35
21.65 4.85
23.05 3.80
22.50 4.75
23.00 5.75
22.20 5.75
21.85 6.20
20.00 8.20
18.75 9.55
17.35 10.85
19.00 11.65
19.45 10.55
21.65 9.45
21.95 7.55
22.65 6.65
22.75 7.05
23.95 9.80
23.65 6.50
24.80 6.40
32.00 3.80
30.75 8.00
34.50 5.05
34.80 5.85
32.30 7.65
31.15 8.65
30.45 9.95
30.95 9.85
31.80 9.45
34.60 7.25
35.00 6.80
36.55 7.00
36.55 8.65
35.50 9.10
34.55 8.85
35.25 9.40
33.50 9.30
33.85 9.80
31.60 10.50
30.40 11.10
31.95 12.95
34.30 11.75
35.65 9.85
33.20 14.15
32.75 17.30
29.15 20.55
30.25 20.45
31.55 19.65
31.50 18.55
32.60 18.35
32.85 17.95
33.25 18.95
31.45 23.70
31.95 23.15
33.65 21.90
33.10 20.75
33.80 20.40
35.50 20.55
34.45 20.65
35.70 22.30
36.30 23.80
35.45 24.10
29.80 24.80
30.65 26.00
30.65 27.15
31.25 27.85
33.85 26.05
33.05 26.50
33.65 27.00
34.10 27.35
35.25 26.00
19.40 23.00
19.55 22.25
20.50 22.85
19.75 23.65
21.90 23.65
23.30 24.45
24.25 24.35
23.40 23.80
22.30 22.80
24.70 22.20
5.20 2.15
6.20 3.20
5.70 4.45
6.55 5.05
6.20 4.25
7.60 4.15
7.25 3.55
8.05 2.75
