15.55 28.65
14.45 28.35
11.25 27.40
10.25 27.25
11.70 26.35
11.90 25.05
10.05 25.95
11.05 23.90
8.35 23.90
5.65 25.80
6.55 24.30
3.80 21.85
5.30 20.40
6.95 19.80
6.30 19.10
8.30 18.50
10.40 16.75
11.35 23.45
12.05 23.40
7.80 13.70
9.70 12.10
6.60 13.45
7.05 10.05
7.35 10.50
7.65 11.10
8.80 11.40
14.50 11.80
16.25 11.70
15.55 11.15
12.80 10.10
11.80 8.95
11.10 8.45
10.10 6.75
13.75 9.00
14.85 9.55
15.25 8.65
15.05 7.80
13.55 7.45
13.05 6.95
12.40 4.35
17.30 4.80
16.65 2.80
17.20 2.05
19.90 2.05
19.80 3.25
19.10 4.55
16.60 6.85
21.15 2.85
21.45 3.75
20.80 4.70
20.70 5.15
19.75 5.05
17.25 9.60
18.80 8.35
24.15 4.55
23.50 5.05
23.10 5.30
18.60 10.00
18.00 10.65
18.00 12.50
19.20 12.25
20.05 11.60
20.90 9.70
21.10 8.00
21.65 8.65
22.55 7.90
22.40 10.05
23.85 7.35
31.05 4.75
33.65 4.60
34.90 4.65
34.20 4.20
32.75 7.10
30.35 8.85
33.55 8.60
34.35 7.70
34.65 11.00
36.35 10.00
35.55 10.75
34.70 11.75
34.05 13.05
31.05 22.00
29.20 23.85
30.95 24.15
34.85 18.85
35.30 18.55
34.55 19.75
34.40 21.25
32.45 23.70
31.55 25.20
31.05 25.00
21.00 22.60
21.15 22.95
18.45 24.35
20.15 25.05
22.55 23.50
23.80 25.25
22.65 21.10
24.10 21.90
5.15 3.45
5.80 4.00
5.10 4.35
7.20 4.90
