12.40 27.85
10.75 27.70
9.30 27.25
9.20 27.80
10.55 24.35
4.80 25.05
4.85 23.05
6.85 23.25
6.95 22.55
4.70 22.10
7.65 20.65
6.60 20.10
9.05 18.20
8.65 21.30
8.65 21.90
11.30 20.70
12.85 20.75
12.25 17.50
13.75 18.15
14.00 19.90
15.20 18.20
9.00 12.70
8.05 12.90
5.70 12.25
10.15 11.00
11.75 10.85
11.05 9.10
16.70 12.20
12.35 8.45
13.20 9.35
16.25 10.20
13.90 4.95
15.15 7.10
15.25 3.50
15.70 6.35
18.85 3.20
16.60 7.95
17.85 7.75
16.05 8.95
17.60 9.90
19.25 6.60
21.00 7.15
20.75 7.65
19.50 8.65
17.55 11.30
18.30 12.00
20.70 10.65
21.85 10.70
21.20 9.25
21.75 8.20
22.35 9.20
23.70 8.85
23.50 7.85
30.00 6.70
31.50 6.75
32.80 4.80
33.05 5.15
33.60 5.45
34.60 4.05
36.30 5.20
35.95 6.05
29.85 9.00
34.70 8.00
30.40 12.05
31.20 12.00
31.95 11.35
31.65 11.05
32.05 12.25
33.25 14.70
31.00 17.50
30.25 19.40
31.00 19.90
34.30 18.05
33.85 18.40
31.55 21.60
31.55 22.20
29.60 23.15
35.40 19.35
34.20 21.75
36.25 21.95
33.85 23.30
33.25 23.35
35.15 25.30
32.50 24.70
30.25 24.30
29.60 25.50
29.70 26.05
31.45 26.95
34.65 26.85
34.40 25.60
19.20 21.35
19.10 21.85
21.45 21.45
22.85 21.90
6.75 2.30
6.65 3.80
7.85 4.50
