13.00 29.15
10.75 26.55
11.10 25.20
7.00 26.50
7.55 26.30
8.55 26.30
9.45 23.35
6.40 25.40
4.00 24.25
7.65 23.10
6.10 22.60
5.80 21.95
7.40 21.55
8.75 18.80
8.90 17.65
8.45 17.20
10.05 17.20
8.65 22.50
8.95 22.80
8.95 22.20
11.15 22.05
9.85 20.70
12.35 21.60
11.00 19.85
10.35 19.00
12.15 16.40
7.85 11.85
8.10 11.20
8.30 10.55
10.10 8.65
16.75 11.50
12.40 5.80
12.55 4.90
11.35 4.05
14.10 4.10
14.35 5.75
13.60 2.55
14.70 4.50
16.20 4.55
17.25 3.05
18.15 1.95
19.45 3.90
20.70 3.45
20.05 6.95
22.15 5.20
18.85 9.05
18.10 11.10
20.10 9.40
20.60 11.15
21.65 10.05
30.40 5.65
32.05 5.10
33.00 7.90
36.00 8.20
34.40 9.50
32.50 9.65
33.30 10.30
30.60 10.50
32.75 13.10
34.00 10.85
34.80 10.10
35.80 11.55
31.15 17.90
29.60 19.85
35.95 19.85
36.35 20.60
35.75 21.30
35.50 22.90
34.25 24.10
34.20 27.95
21.30 20.80
20.15 20.90
19.70 24.60
22.90 23.20
22.20 22.40
24.30 22.60
5.40 2.70
7.65 2.15
7.20 2.75
