14.15 28.80
12.80 27.35
13.40 25.10
10.50 28.35
9.35 26.60
7.85 26.80
9.40 25.55
8.45 25.05
5.80 26.95
5.30 26.10
5.50 22.60
4.15 20.35
6.55 21.15
6.05 20.20
10.90 22.85
12.30 22.75
9.35 20.60
9.95 19.80
9.90 18.65
10.60 18.15
12.35 18.80
5.85 11.20
6.10 11.75
7.90 12.50
6.40 10.25
11.55 10.20
14.30 12.45
15.85 12.00
14.10 10.05
15.45 9.70
14.25 8.25
14.30 6.95
11.55 6.30
12.75 3.00
14.50 6.55
15.15 5.95
17.65 5.70
22.20 3.50
17.65 7.05
18.05 7.35
17.50 8.25
16.40 8.70
16.50 9.75
21.15 5.70
23.15 4.40
16.95 10.35
18.50 10.55
23.30 9.85
30.75 6.10
29.50 8.15
32.35 6.45
35.45 4.10
33.70 6.15
31.95 8.15
32.45 8.80
36.40 9.10
31.30 12.70
34.95 12.75
33.70 17.00
30.65 21.30
33.50 21.30
34.15 19.30
34.60 22.05
33.60 23.90
31.45 24.45
31.85 27.75
32.70 28.20
33.25 27.55
32.15 26.65
18.75 22.95
20.50 21.85
20.65 24.30
23.90 23.45
5.45 4.85
8.50 3.25
