14.90 27.55
13.60 26.50
12.30 28.40
12.20 28.65
9.65 28.45
12.60 24.05
11.90 24.50
7.50 28.25
9.65 24.70
4.20 25.55
5.85 23.40
5.60 20.75
6.40 21.95
8.30 19.45
9.95 22.65
10.55 22.30
9.60 21.30
11.05 17.50
15.50 17.15
13.90 17.10
7.70 13.25
6.80 13.20
6.20 12.55
7.00 12.35
12.90 11.70
17.00 12.90
14.80 11.35
12.40 7.10
12.25 7.60
13.45 7.95
15.10 10.25
13.05 6.20
10.60 5.05
13.90 5.30
11.75 3.45
13.40 4.35
13.55 3.15
15.00 3.40
15.25 2.70
15.95 2.80
15.60 4.75
15.50 6.75
16.35 5.35
16.95 4.75
17.30 4.15
17.60 4.30
17.05 3.70
18.60 3.45
19.10 2.65
19.00 2.10
18.40 4.60
18.75 5.15
17.40 6.50
15.70 7.15
20.40 3.40
21.75 2.65
22.00 3.25
20.40 5.65
18.40 6.00
18.45 6.60
17.80 9.30
18.80 8.10
20.75 6.55
19.40 9.65
20.05 9.95
20.05 10.20
19.35 12.20
20.75 8.75
22.80 6.45
22.20 8.70
23.05 10.90
23.65 9.10
24.85 7.95
23.60 5.70
24.30 5.65
33.05 3.85
30.10 7.40
30.85 7.35
31.75 5.95
33.95 6.60
29.70 9.90
35.50 7.35
36.10 7.50
35.35 8.05
30.90 11.45
32.95 11.15
32.65 11.70
32.25 12.25
35.20 11.75
34.05 12.55
32.95 15.65
32.65 17.05
30.05 18.80
30.50 19.30
30.70 20.05
33.45 17.45
33.05 18.85
32.80 19.15
32.30 19.85
31.75 20.25
32.10 21.15
29.35 22.55
30.75 24.00
35.05 20.00
35.05 21.50
35.85 23.25
34.25 23.95
35.40 24.70
34.40 24.90
33.70 24.85
30.50 25.50
30.75 26.90
32.40 27.10
32.95 25.50
35.70 26.15
18.45 22.80
19.80 21.85
21.70 21.90
21.40 22.30
19.20 23.70
22.15 25.10
21.60 24.65
21.70 23.80
23.10 21.70
24.15 23.30
5.90 2.40
4.85 3.35
5.70 3.45
6.20 3.00
6.75 3.20
6.75 3.55
4.95 4.05
6.70 4.80
