8.15 4.00
14.90 27.55
13.60 26.50
12.30 28.40
12.20 28.65
9.65 28.45
12.60 24.05
11.90 24.50
7.50 28.25
9.65 24.70
4.20 25.55
5.85 23.40
5.60 20.75
6.40 21.95
8.30 19.45
9.95 22.65
10.55 22.30
9.60 21.30
11.05 17.50
15.50 17.15
13.90 17.10
7.70 13.25
6.80 13.20
6.20 12.55
7.00 12.35
12.90 11.70
17.00 12.90
14.80 11.35
12.40 7.10
12.25 7.60
13.45 7.95
15.10 10.25
13.05 6.20
10.60 5.05
13.90 5.30
11.75 3.45
13.40 4.35
13.55 3.15
15.00 3.40
15.25 2.70
15.95 2.80
15.60 4.75
15.50 6.75
16.35 5.35
16.95 4.75
17.30 4.15
17.60 4.30
17.05 3.70
18.60 3.45
19.10 2.65
19.00 2.10
18.40 4.60
18.75 5.15
17.40 6.50
15.70 7.15
20.40 3.40
21.75 2.65
22.00 3.25
20.40 5.65
18.40 6.00
18.45 6.60
17.80 9.30
18.80 8.10
20.75 6.55
19.40 9.65
20.05 9.95
20.05 10.20
19.35 12.20
20.75 8.75
22.80 6.45
22.20 8.70
23.05 10.90
23.65 9.10
24.85 7.95
23.60 5.70
24.30 5.65
33.05 3.85
30.10 7.40
30.85 7.35
31.75 5.95
33.95 6.60
29.70 9.90
35.50 7.35
36.10 7.50
35.35 8.05
30.90 11.45
32.95 11.15
32.65 11.70
32.25 12.25
35.20 11.75
34.05 12.55
32.95 15.65
32.65 17.05
30.05 18.80
30.50 19.30
30.70 20.05
33.45 17.45
33.05 18.85
32.80 19.15
32.30 19.85
31.75 20.25
32.10 21.15
29.35 22.55
30.75 24.00
35.05 20.00
35.05 21.50
35.85 23.25
34.25 23.95
35.40 24.70
34.40 24.90
33.70 24.85
30.50 25.50
30.75 26.90
32.40 27.10
32.95 25.50
35.70 26.15
18.45 22.80
19.80 21.85
21.70 21.90
21.40 22.30
19.20 23.70
22.15 25.10
21.60 24.65
21.70 23.80
23.10 21.70
24.15 23.30
5.90 2.40
4.85 3.35
5.70 3.45
6.20 3.00
6.75 3.20
6.75 3.55
4.95 4.05
6.70 4.80
12.90 26.50
11.15 28.70
11.60 25.90
8.05 27.20
7.30 27.40
9.00 25.85
8.85 24.60
9.20 23.90
7.35 24.75
6.40 24.80
5.45 24.20
4.30 22.75
5.90 23.55
5.80 18.25
7.15 17.90
7.35 18.20
8.20 20.05
9.35 17.70
10.85 21.50
9.25 19.65
10.70 20.35
12.00 20.00
11.40 19.25
13.50 18.65
13.65 19.25
5.40 12.85
5.15 11.35
7.05 12.45
6.40 10.70
5.90 10.30
9.00 10.90
10.90 10.00
11.85 9.80
14.05 11.75
13.75 10.45
13.15 9.80
12.45 9.30
11.50 7.50
11.35 6.90
15.45 10.55
14.25 8.70
10.80 5.85
12.80 5.70
13.65 5.90
11.50 4.75
13.70 3.65
14.60 3.05
15.65 2.05
16.55 4.20
20.45 2.80
15.75 7.75
21.10 4.05
20.15 4.30
16.70 7.40
19.80 7.50
22.15 4.35
23.05 3.35
17.95 11.90
19.50 11.05
21.30 11.65
21.80 11.15
20.95 10.20
20.55 8.75
22.00 6.75
23.00 7.35
22.90 8.45
22.75 9.35
24.25 8.25
23.95 6.90
34.05 3.50
31.90 4.40
32.80 6.00
32.65 4.40
35.55 5.35
33.70 7.05
30.70 9.15
32.30 10.25
30.70 11.65
33.15 13.20
33.10 12.75
33.15 12.10
33.25 13.70
33.00 15.15
32.60 16.15
32.45 16.75
31.75 17.20
31.70 17.65
30.45 18.05
30.55 18.80
32.05 18.60
31.95 19.10
34.25 17.35
32.80 20.00
31.75 20.75
29.95 21.60
29.50 21.60
30.35 22.05
30.95 22.65
30.30 23.10
32.55 22.05
32.60 22.55
33.25 22.25
33.85 20.00
35.00 21.05
34.90 23.50
34.20 22.90
32.25 24.45
31.25 26.05
32.35 25.95
20.65 23.85
22.55 24.30
23.15 22.60
6.35 1.95
4.85 2.90
7.10 4.30
7.80 3.35
8.10 3.55
15.55 28.65
14.45 28.35
11.25 27.40
10.25 27.25
11.70 26.35
11.90 25.05
10.05 25.95
11.05 23.90
8.35 23.90
5.65 25.80
6.55 24.30
3.80 21.85
5.30 20.40
6.95 19.80
6.30 19.10
8.30 18.50
10.40 16.75
11.35 23.45
12.05 23.40
7.80 13.70
9.70 12.10
6.60 13.45
7.05 10.05
7.35 10.50
7.65 11.10
8.80 11.40
14.50 11.80
16.25 11.70
15.55 11.15
12.80 10.10
11.80 8.95
11.10 8.45
10.10 6.75
13.75 9.00
14.85 9.55
15.25 8.65
15.05 7.80
13.55 7.45
13.05 6.95
12.40 4.35
17.30 4.80
16.65 2.80
17.20 2.05
19.90 2.05
19.80 3.25
19.10 4.55
16.60 6.85
21.15 2.85
21.45 3.75
20.80 4.70
20.70 5.15
19.75 5.05
17.25 9.60
18.80 8.35
24.15 4.55
23.50 5.05
23.10 5.30
18.60 10.00
18.00 10.65
18.00 12.50
19.20 12.25
20.05 11.60
20.90 9.70
21.10 8.00
21.65 8.65
22.55 7.90
22.40 10.05
23.85 7.35
31.05 4.75
33.65 4.60
34.90 4.65
34.20 4.20
32.75 7.10
30.35 8.85
33.55 8.60
34.35 7.70
34.65 11.00
36.35 10.00
35.55 10.75
34.70 11.75
34.05 13.05
31.05 22.00
29.20 23.85
30.95 24.15
34.85 18.85
35.30 18.55
34.55 19.75
34.40 21.25
32.45 23.70
31.55 25.20
31.05 25.00
21.00 22.60
21.15 22.95
18.45 24.35
20.15 25.05
22.55 23.50
23.80 25.25
22.65 21.10
24.10 21.90
5.15 3.45
5.80 4.00
5.10 4.35
7.20 4.90
13.75 28.05
13.35 28.45
13.45 27.50
12.95 25.95
11.85 27.00
11.35 28.00
10.55 25.15
8.55 27.45
8.50 27.05
6.80 26.85
8.60 25.65
10.55 23.55
7.40 25.45
6.60 25.75
6.10 26.00
5.40 25.25
5.35 24.70
7.40 24.25
4.30 24.00
3.35 23.30
7.55 23.70
4.65 21.20
7.45 21.95
7.75 21.20
5.40 19.65
5.35 19.05
7.00 18.90
8.60 20.90
9.65 21.90
11.70 22.15
10.85 21.05
13.10 21.30
11.40 18.30
12.80 19.75
12.15 18.10
11.95 17.25
13.05 17.40
13.75 16.60
8.85 13.35
5.20 11.90
8.55 12.10
7.10 11.95
6.90 11.50
6.85 10.90
9.35 10.50
10.40 10.55
12.85 10.65
13.60 11.10
15.80 12.60
14.45 10.75
10.35 7.70
11.30 7.95
13.10 8.95
11.95 6.75
12.95 7.60
13.35 8.25
14.30 9.30
16.35 10.85
15.40 10.10
15.15 9.30
15.55 8.20
14.30 7.50
13.95 6.70
11.35 5.55
12.15 5.40
13.10 5.10
12.65 3.70
14.65 5.05
14.45 2.40
14.70 4.10
16.10 3.55
15.90 4.00
15.55 5.05
15.35 5.50
16.20 5.90
17.05 5.10
16.55 2.15
18.05 2.45
18.15 3.05
18.40 3.60
19.45 2.65
18.65 4.20
18.65 4.75
17.90 5.40
17.05 6.05
19.85 5.50
20.55 5.75
18.70 5.75
19.25 5.95
18.65 7.30
17.15 8.60
17.05 9.00
16.05 9.60
18.00 8.55
19.40 7.60
20.05 6.35
21.65 4.85
23.05 3.80
22.50 4.75
23.00 5.75
22.20 5.75
21.85 6.20
20.00 8.20
18.75 9.55
17.35 10.85
19.00 11.65
19.45 10.55
21.65 9.45
21.95 7.55
22.65 6.65
22.75 7.05
23.95 9.80
23.65 6.50
24.80 6.40
32.00 3.80
30.75 8.00
34.50 5.05
34.80 5.85
32.30 7.65
31.15 8.65
30.45 9.95
30.95 9.85
31.80 9.45
34.60 7.25
35.00 6.80
36.55 7.00
36.55 8.65
35.50 9.10
34.55 8.85
35.25 9.40
33.50 9.30
33.85 9.80
31.60 10.50
30.40 11.10
31.95 12.95
34.30 11.75
35.65 9.85
33.20 14.15
32.75 17.30
29.15 20.55
30.25 20.45
31.55 19.65
31.50 18.55
32.60 18.35
32.85 17.95
33.25 18.95
31.45 23.70
31.95 23.15
33.65 21.90
33.10 20.75
33.80 20.40
35.50 20.55
34.45 20.65
35.70 22.30
36.30 23.80
35.45 24.10
29.80 24.80
30.65 26.00
30.65 27.15
31.25 27.85
33.85 26.05
33.05 26.50
33.65 27.00
34.10 27.35
35.25 26.00
19.40 23.00
19.55 22.25
20.50 22.85
19.75 23.65
21.90 23.65
23.30 24.45
24.25 24.35
23.40 23.80
22.30 22.80
24.70 22.20
5.20 2.15
6.20 3.20
5.70 4.45
6.55 5.05
6.20 4.25
7.60 4.15
7.25 3.55
8.05 2.75
13.00 29.15
10.75 26.55
11.10 25.20
7.00 26.50
7.55 26.30
8.55 26.30
9.45 23.35
6.40 25.40
4.00 24.25
7.65 23.10
6.10 22.60
5.80 21.95
7.40 21.55
8.75 18.80
8.90 17.65
8.45 17.20
10.05 17.20
8.65 22.50
8.95 22.80
8.95 22.20
11.15 22.05
9.85 20.70
12.35 21.60
11.00 19.85
10.35 19.00
12.15 16.40
7.85 11.85
8.10 11.20
8.30 10.55
10.10 8.65
16.75 11.50
12.40 5.80
12.55 4.90
11.35 4.05
14.10 4.10
14.35 5.75
13.60 2.55
14.70 4.50
16.20 4.55
17.25 3.05
18.15 1.95
19.45 3.90
20.70 3.45
20.05 6.95
22.15 5.20
18.85 9.05
18.10 11.10
20.10 9.40
20.60 11.15
21.65 10.05
30.40 5.65
32.05 5.10
33.00 7.90
36.00 8.20
34.40 9.50
32.50 9.65
33.30 10.30
30.60 10.50
32.75 13.10
34.00 10.85
34.80 10.10
35.80 11.55
31.15 17.90
29.60 19.85
35.95 19.85
36.35 20.60
35.75 21.30
35.50 22.90
34.25 24.10
34.20 27.95
21.30 20.80
20.15 20.90
19.70 24.60
22.90 23.20
22.20 22.40
24.30 22.60
5.40 2.70
7.65 2.15
7.20 2.75
12.40 27.85
10.75 27.70
9.30 27.25
9.20 27.80
10.55 24.35
4.80 25.05
4.85 23.05
6.85 23.25
6.95 22.55
4.70 22.10
7.65 20.65
6.60 20.10
9.05 18.20
8.65 21.30
8.65 21.90
11.30 20.70
12.85 20.75
12.25 17.50
13.75 18.15
14.00 19.90
15.20 18.20
9.00 12.70
8.05 12.90
5.70 12.25
10.15 11.00
11.75 10.85
11.05 9.10
16.70 12.20
12.35 8.45
13.20 9.35
16.25 10.20
13.90 4.95
15.15 7.10
15.25 3.50
15.70 6.35
18.85 3.20
16.60 7.95
17.85 7.75
16.05 8.95
17.60 9.90
19.25 6.60
21.00 7.15
20.75 7.65
19.50 8.65
17.55 11.30
18.30 12.00
20.70 10.65
21.85 10.70
21.20 9.25
21.75 8.20
22.35 9.20
23.70 8.85
23.50 7.85
30.00 6.70
31.50 6.75
32.80 4.80
33.05 5.15
33.60 5.45
34.60 4.05
36.30 5.20
35.95 6.05
29.85 9.00
34.70 8.00
30.40 12.05
31.20 12.00
31.95 11.35
31.65 11.05
32.05 12.25
33.25 14.70
31.00 17.50
30.25 19.40
31.00 19.90
34.30 18.05
33.85 18.40
31.55 21.60
31.55 22.20
29.60 23.15
35.40 19.35
34.20 21.75
36.25 21.95
33.85 23.30
33.25 23.35
35.15 25.30
32.50 24.70
30.25 24.30
29.60 25.50
29.70 26.05
31.45 26.95
34.65 26.85
34.40 25.60
19.20 21.35
19.10 21.85
21.45 21.45
22.85 21.90
6.75 2.30
6.65 3.80
7.85 4.50
14.15 28.80
12.80 27.35
13.40 25.10
10.50 28.35
9.35 26.60
7.85 26.80
9.40 25.55
8.45 25.05
5.80 26.95
5.30 26.10
5.50 22.60
4.15 20.35
6.55 21.15
6.05 20.20
10.90 22.85
12.30 22.75
9.35 20.60
9.95 19.80
9.90 18.65
10.60 18.15
12.35 18.80
5.85 11.20
6.10 11.75
7.90 12.50
6.40 10.25
11.55 10.20
14.30 12.45
15.85 12.00
14.10 10.05
15.45 9.70
14.25 8.25
14.30 6.95
11.55 6.30
12.75 3.00
14.50 6.55
15.15 5.95
17.65 5.70
22.20 3.50
17.65 7.05
18.05 7.35
17.50 8.25
16.40 8.70
16.50 9.75
21.15 5.70
23.15 4.40
16.95 10.35
18.50 10.55
23.30 9.85
30.75 6.10
29.50 8.15
32.35 6.45
35.45 4.10
33.70 6.15
31.95 8.15
32.45 8.80
36.40 9.10
31.30 12.70
34.95 12.75
33.70 17.00
30.65 21.30
33.50 21.30
34.15 19.30
34.60 22.05
33.60 23.90
31.45 24.45
31.85 27.75
32.70 28.20
33.25 27.55
32.15 26.65
18.75 22.95
20.50 21.85
20.65 24.30
23.90 23.45
5.45 4.85
8.50 3.25
