12.90 26.50
11.15 28.70
11.60 25.90
8.05 27.20
7.30 27.40
9.00 25.85
8.85 24.60
9.20 23.90
7.35 24.75
6.40 24.80
5.45 24.20
4.30 22.75
5.90 23.55
5.80 18.25
7.15 17.90
7.35 18.20
8.20 20.05
9.35 17.70
10.85 21.50
9.25 19.65
10.70 20.35
12.00 20.00
11.40 19.25
13.50 18.65
13.65 19.25
5.40 12.85
5.15 11.35
7.05 12.45
6.40 10.70
5.90 10.30
9.00 10.90
10.90 10.00
11.85 9.80
14.05 11.75
13.75 10.45
13.15 9.80
12.45 9.30
11.50 7.50
11.35 6.90
15.45 10.55
14.25 8.70
10.80 5.85
12.80 5.70
13.65 5.90
11.50 4.75
13.70 3.65
14.60 3.05
15.65 2.05
16.55 4.20
20.45 2.80
15.75 7.75
21.10 4.05
20.15 4.30
16.70 7.40
19.80 7.50
22.15 4.35
23.05 3.35
17.95 11.90
19.50 11.05
21.30 11.65
21.80 11.15
20.95 10.20
20.55 8.75
22.00 6.75
23.00 7.35
22.90 8.45
22.75 9.35
24.25 8.25
23.95 6.90
34.05 3.50
31.90 4.40
32.80 6.00
32.65 4.40
35.55 5.35
33.70 7.05
30.70 9.15
32.30 10.25
30.70 11.65
33.15 13.20
33.10 12.75
33.15 12.10
33.25 13.70
33.00 15.15
32.60 16.15
32.45 16.75
31.75 17.20
31.70 17.65
30.45 18.05
30.55 18.80
32.05 18.60
31.95 19.10
34.25 17.35
32.80 20.00
31.75 20.75
29.95 21.60
29.50 21.60
30.35 22.05
30.95 22.65
30.30 23.10
32.55 22.05
32.60 22.55
33.25 22.25
33.85 20.00
35.00 21.05
34.90 23.50
34.20 22.90
32.25 24.45
31.25 26.05
32.35 25.95
20.65 23.85
22.55 24.30
23.15 22.60
6.35 1.95
4.85 2.90
7.10 4.30
7.80 3.35
8.10 3.55
