11.15 28.70
10.50 28.35
9.65 28.45
8.55 27.45
8.50 27.05
8.05 27.20
7.85 26.80
7.00 26.50
7.55 26.30
7.40 25.45
6.60 25.75
6.40 25.40
6.40 24.80
6.55 24.30
4.30 24.00
3.35 23.30
7.65 23.10
4.70 22.10
4.15 20.35
5.30 20.40
5.60 20.75
7.45 21.95
7.40 21.55
5.40 19.65
5.35 19.05
5.80 18.25
6.30 19.10
7.00 18.90
7.15 17.90
7.35 18.20
8.30 18.50
8.75 18.80
8.60 20.90
8.65 21.30
8.65 21.90
8.65 22.50
8.95 22.80
8.95 22.20
9.65 21.90
9.60 21.30
9.85 20.70
9.35 20.60
9.25 19.65
9.95 19.80
10.35 19.00
9.90 18.65
10.60 18.15
11.05 17.50
12.15 16.40
8.85 13.35
9.00 12.70
6.80 13.20
6.60 13.45
6.20 12.55
5.20 11.90
5.15 11.35
5.85 11.20
6.10 11.75
8.55 12.10
6.90 11.50
8.10 11.20
13.10 8.95
13.75 9.00
14.85 9.55
15.10 10.25
15.45 9.70
15.15 9.30
15.25 8.65
15.55 8.20
14.25 8.25
14.30 7.50
14.30 6.95
13.95 6.70
12.80 5.70
13.90 4.95
14.65 5.05
15.15 7.10
15.25 3.50
14.70 4.50
15.25 2.70
15.50 6.75
15.70 6.35
17.30 4.80
17.30 4.15
17.60 4.30
16.65 2.80
18.65 4.75
18.75 5.15
17.90 5.40
17.65 5.70
17.05 6.05
17.40 6.50
16.60 7.95
22.20 3.50
21.45 3.75
21.10 4.05
18.70 5.75
18.40 6.00
18.45 6.60
17.65 7.05
18.65 7.30
18.05 7.35
17.85 7.75
17.50 8.25
17.15 8.60
17.05 9.00
17.25 9.60
17.60 9.90
17.80 9.30
18.00 8.55
18.80 8.10
18.80 8.35
19.40 7.60
19.80 7.50
20.00 8.20
19.50 8.65
18.85 9.05
18.75 9.55
18.60 10.00
18.50 10.55
17.95 11.90
18.30 12.00
18.00 12.50
19.35 12.20
20.05 11.60
20.60 11.15
20.70 10.65
20.95 10.20
20.90 9.70
20.75 8.75
20.55 8.75
22.80 6.45
22.65 6.65
22.20 8.70
22.35 9.20
22.75 9.35
23.95 9.80
23.65 9.10
23.70 8.85
24.25 8.25
24.85 7.95
23.85 7.35
35.25 9.40
31.95 11.35
32.25 12.25
32.05 12.25
31.95 12.95
33.15 12.10
34.30 11.75
36.35 10.00
35.55 10.75
35.80 11.55
35.20 11.75
34.95 12.75
34.05 12.55
30.25 19.40
29.60 19.85
29.15 20.55
30.25 20.45
30.70 20.05
31.00 19.90
31.55 19.65
33.05 18.85
33.25 18.95
31.75 20.25
31.75 20.75
32.10 21.15
31.55 21.60
30.95 22.65
30.30 23.10
29.60 23.15
29.20 23.85
30.75 24.00
30.95 24.15
32.50 24.70
31.45 24.45
29.60 25.50
29.70 26.05
30.50 25.50
30.65 26.00
31.25 26.05
31.45 26.95
30.75 26.90
30.65 27.15
31.25 27.85
31.85 27.75
32.40 27.10
32.15 26.65
32.35 25.95
33.05 26.50
34.10 27.35
34.20 27.95
34.65 26.85
35.70 26.15
18.45 22.80
18.75 22.95
19.40 23.00
21.15 22.95
20.50 22.85
18.45 24.35
20.65 23.85
20.65 24.30
19.70 24.60
20.15 25.05
21.70 23.80
21.90 23.65
22.55 23.50
22.90 23.20
22.30 22.80
22.20 22.40
23.10 21.70
22.85 21.90
5.15 3.45
5.70 3.45
6.20 3.00
6.20 3.20
6.75 3.55
6.65 3.80
4.95 4.05
5.10 4.35
5.45 4.85
6.70 4.80
6.55 5.05
7.20 4.90
6.20 4.25
7.10 4.30
7.60 4.15
8.15 4.00
