7.00 12.35
7.05 12.45
7.10 11.95
6.85 10.90
6.40 10.70
7.05 10.05
7.35 10.50
7.65 11.10
8.30 10.55
9.35 10.50
10.15 11.00
10.40 10.55
10.90 10.00
11.55 10.20
12.45 9.30
11.80 8.95
12.35 8.45
12.95 7.60
13.45 7.95
13.35 8.25
13.55 7.45
13.05 6.95
13.05 6.20
13.10 5.10
12.55 4.90
12.40 4.35
12.75 3.00
13.55 3.15
13.70 3.65
14.70 4.10
15.60 4.75
15.55 5.05
15.35 5.50
15.15 5.95
16.20 5.90
16.35 5.35
17.05 5.10
17.05 3.70
17.25 3.05
16.55 2.15
17.20 2.05
18.15 3.05
18.60 3.45
18.40 3.60
18.85 3.20
19.10 2.65
19.45 2.65
19.80 3.25
20.70 3.45
20.70 5.15
20.55 5.75
21.15 5.70
22.00 6.75
22.75 7.05
23.00 7.35
23.95 6.90
23.65 6.50
24.30 5.65
