14.15 28.80
13.75 28.05
13.35 28.45
13.00 29.15
12.30 28.40
12.20 28.65
11.85 27.00
11.70 26.35
11.60 25.90
11.90 25.05
11.10 25.20
10.55 25.15
9.20 27.80
8.60 25.65
8.45 25.05
8.85 24.60
9.65 24.70
10.55 24.35
11.05 23.90
8.35 23.90
7.35 24.75
6.10 26.00
5.65 25.80
5.40 25.25
5.35 24.70
7.40 24.25
5.45 24.20
5.90 23.55
7.55 23.70
6.95 19.80
6.60 20.10
6.05 20.20
9.35 17.70
8.90 17.65
12.05 23.40
12.30 22.75
11.70 22.15
10.85 21.50
10.85 21.05
11.30 20.70
11.40 19.25
12.35 18.80
12.25 17.50
13.75 18.15
13.50 18.65
7.80 13.70
8.05 12.90
7.70 13.25
7.90 12.50
7.85 11.85
5.90 10.30
6.40 10.25
9.00 10.90
12.85 10.65
14.05 11.75
14.50 11.80
14.45 10.75
12.80 10.10
13.15 9.80
11.30 7.95
13.20 9.35
14.10 10.05
11.50 7.50
11.35 6.90
11.95 6.75
12.40 7.10
12.25 7.60
14.30 9.30
16.75 11.50
15.40 10.10
14.25 8.70
12.40 5.80
15.00 3.40
16.10 3.55
15.90 4.00
16.20 4.55
16.55 4.20
16.95 4.75
18.15 1.95
18.05 2.45
18.65 4.20
18.40 4.60
15.70 7.15
19.75 5.05
19.85 5.50
20.40 5.65
16.40 8.70
16.05 8.95
16.05 9.60
16.50 9.75
22.15 4.35
23.05 3.35
23.05 3.80
23.15 4.40
22.50 4.75
23.10 5.30
23.00 5.75
22.20 5.75
21.85 6.20
20.75 7.65
16.95 10.35
17.35 10.85
18.00 10.65
18.10 11.10
17.55 11.30
19.50 11.05
19.45 10.55
20.10 9.40
20.05 10.20
21.85 10.70
21.65 10.05
21.65 9.45
21.20 9.25
21.10 8.00
21.65 8.65
21.75 8.20
23.60 5.70
33.60 5.45
34.80 5.85
33.70 6.15
33.95 6.60
33.70 7.05
30.35 8.85
30.95 9.85
34.35 7.70
34.70 8.00
34.60 7.25
35.00 6.80
35.50 7.35
36.10 7.50
36.00 8.20
35.35 8.05
36.55 8.65
36.40 9.10
35.50 9.10
31.65 11.05
31.75 17.20
31.70 17.65
31.00 17.50
31.15 17.90
30.45 18.05
30.05 18.80
30.55 18.80
30.50 19.30
31.50 18.55
32.05 18.60
31.95 19.10
32.60 18.35
32.85 17.95
32.30 19.85
32.80 20.00
29.50 21.60
31.55 22.20
29.35 22.55
32.55 22.05
32.60 22.55
33.25 22.25
33.65 21.90
34.85 18.85
35.30 18.55
35.40 19.35
35.05 20.00
34.20 21.75
35.85 23.25
36.30 23.80
35.45 24.10
35.40 24.70
35.15 25.30
31.55 25.20
31.05 25.00
35.25 26.00
19.20 21.35
19.10 21.85
19.55 22.25
20.50 21.85
21.70 21.90
21.40 22.30
21.00 22.60
19.75 23.65
19.20 23.70
6.35 1.95
6.75 2.30
4.85 3.35
7.20 2.75
6.75 3.20
5.80 4.00
5.70 4.45
7.25 3.55
7.80 3.35
8.10 3.55
