15.55 28.65
14.90 27.55
14.45 28.35
13.45 27.50
13.60 26.50
12.80 27.35
12.40 27.85
13.40 25.10
12.95 25.95
12.90 26.50
11.35 28.00
11.25 27.40
10.75 27.70
10.25 27.25
10.75 26.55
12.60 24.05
11.90 24.50
10.05 25.95
9.35 26.60
9.30 27.25
7.50 28.25
7.30 27.40
6.80 26.85
8.55 26.30
9.00 25.85
9.40 25.55
10.55 23.55
9.45 23.35
9.20 23.90
5.80 26.95
5.30 26.10
4.80 25.05
4.20 25.55
4.00 24.25
4.85 23.05
4.30 22.75
6.85 23.25
6.95 22.55
3.80 21.85
4.65 21.20
9.95 22.65
10.55 22.30
10.90 22.85
11.35 23.45
11.15 22.05
10.70 20.35
12.35 21.60
13.10 21.30
12.85 20.75
12.00 20.00
11.00 19.85
11.40 18.30
12.80 19.75
12.15 18.10
13.65 19.25
14.00 19.90
15.20 18.20
15.50 17.15
13.90 17.10
9.70 12.10
5.40 12.85
5.70 12.25
8.80 11.40
11.75 10.85
10.10 8.65
11.05 9.10
11.85 9.80
12.90 11.70
13.60 11.10
14.30 12.45
17.00 12.90
15.80 12.60
15.85 12.00
16.70 12.20
16.25 11.70
15.55 11.15
14.80 11.35
13.75 10.45
11.10 8.45
10.35 7.70
10.10 6.75
15.45 10.55
16.35 10.85
16.25 10.20
15.05 7.80
11.55 6.30
10.80 5.85
10.60 5.05
11.35 5.55
12.15 5.40
13.65 5.90
13.90 5.30
11.50 4.75
11.35 4.05
11.75 3.45
12.65 3.70
13.40 4.35
14.10 4.10
14.35 5.75
14.50 6.55
13.60 2.55
14.45 2.40
14.60 3.05
15.65 2.05
15.95 2.80
19.00 2.10
19.90 2.05
20.45 2.80
19.45 3.90
19.10 4.55
16.60 6.85
15.75 7.75
20.40 3.40
21.15 2.85
21.75 2.65
22.00 3.25
20.15 4.30
20.80 4.70
19.25 5.95
16.70 7.40
19.25 6.60
20.05 6.95
20.05 6.35
21.65 4.85
22.15 5.20
24.15 4.55
23.50 5.05
20.75 6.55
21.00 7.15
19.00 11.65
19.40 9.65
20.05 9.95
19.20 12.25
21.30 11.65
21.80 11.15
21.95 7.55
22.55 7.90
22.90 8.45
22.40 10.05
23.05 10.90
23.30 9.85
23.50 7.85
34.05 3.50
33.05 3.85
32.00 3.80
31.90 4.40
31.05 4.75
30.40 5.65
30.75 6.10
30.00 6.70
30.10 7.40
30.75 8.00
30.85 7.35
31.50 6.75
31.75 5.95
32.35 6.45
32.80 6.00
32.05 5.10
32.80 4.80
32.65 4.40
33.65 4.60
33.05 5.15
34.50 5.05
34.90 4.65
35.45 4.10
34.60 4.05
34.20 4.20
36.30 5.20
35.55 5.35
35.95 6.05
32.75 7.10
32.30 7.65
33.00 7.90
31.95 8.15
31.15 8.65
30.70 9.15
29.70 9.90
30.45 9.95
31.80 9.45
32.45 8.80
33.55 8.60
36.55 7.00
34.55 8.85
34.40 9.50
33.50 9.30
33.85 9.80
32.50 9.65
32.30 10.25
33.30 10.30
31.60 10.50
32.95 11.15
32.65 11.70
34.00 10.85
34.65 11.00
34.80 10.10
35.65 9.85
34.70 11.75
30.65 21.30
29.95 21.60
30.35 22.05
31.05 22.00
31.45 23.70
31.95 23.15
33.50 21.30
33.10 20.75
34.15 19.30
34.55 19.75
35.95 19.85
36.35 20.60
35.50 20.55
34.45 20.65
34.40 21.25
35.75 21.30
35.05 21.50
36.25 21.95
35.70 22.30
35.50 22.90
34.90 23.50
32.45 23.70
34.25 23.95
33.70 24.85
32.25 24.45
30.25 24.30
29.80 24.80
32.70 28.20
33.25 27.55
32.95 25.50
33.85 26.05
33.65 27.00
34.40 25.60
21.30 20.80
20.15 20.90
19.80 21.85
21.45 21.45
22.15 25.10
21.60 24.65
22.55 24.30
23.30 24.45
23.80 25.25
23.40 23.80
22.65 21.10
23.15 22.60
24.10 21.90
24.70 22.20
24.30 22.60
24.15 23.30
23.90 23.45
5.20 2.15
5.90 2.40
5.40 2.70
4.85 2.90
7.65 2.15
8.05 2.75
8.50 3.25
